Test Parameters:
r1: 1
r2: 2
h: 3
cut_angle: 0.785398
theta: 1.0472
equidistant: true

Outputs:
ch: 1.0472
cr: 1.34907
Result Vector: (1.16833, 1.0472, 0.674533)
